С:  -
СВ: 2403                        (4 5 6 7):      4(55 56 66 72)
                                                4-7(55)         4(56 72)    4-5(66)     5 7(67)
В:  2804    ул. Новоросская     (4 5 6 7):      4(67)
                                                4-7(57 67)
Ю:  -
ЮЗ: 2205                        (4 5 6 7):      4(66 67)
                                                4-6(66)         4(67)       5 7(55 57)
З:  2004    ул. Новоросская     (4 5):          4(55 56 57 72)
                                                4 6(55 57)      4(56)       6(66)
?:                              :               4(57)
                                                6(67)
